520	0.6552	0
519.81451	0.6812	0
519.62908	0.70719	0
519.44359	0.7332	0
518.88714	0.81129	0
518.33087	0.88933	0
517.77439	0.9672	0
516.85048	1.09584	0
515.9268	1.22393	0
515.00281	1.352	0
513.71485	1.53093	0
512.42729	1.7097	0
511.13919	1.8876	0
509.49426	2.11253	0
507.84963	2.33569	0
506.2044	2.5584	0
504.20573	2.82944	0
502.20769	3.10018	0
500.2088	3.3696	0
497.86883	3.68202	0
495.5293	3.99186	0
493.18881	4.3004	0
490.51421	4.65226	0
487.8403	5.00264	0
485.16521	5.3508	0
482.17007	5.73693	0
479.17547	6.11963	0
476.17959	6.5	0
472.87758	6.91711	0
469.57633	7.3315	0
466.2736	7.7428	0
462.67525	8.18668	0
459.0776	8.62659	0
455.47841	9.0636	0
451.60094	9.53159	0
447.72433	9.99622	0
443.84602	10.4572	0
439.70698	10.94434	0
435.56868	11.42616	0
431.42841	11.9028	0
427.04488	12.40159	0
422.66219	12.89513	0
418.27762	13.3848	0
413.66872	13.89591	0
409.06082	14.40234	0
404.4508	14.9032	0
399.63403	15.41934	0
394.81811	15.92855	0
390	16.432	0
384.99764	16.94911	0
379.99633	17.4604	0
374.99279	17.966	0
369.82764	18.48143	0
364.66346	18.98945	0
359.49681	19.4896	0
354.18946	19.99449	0
348.88309	20.49137	0
343.57439	20.982	0
338.14751	21.47772	0
332.7217	21.96554	0
327.29321	22.4432	0
321.7711	22.91657	0
316.24984	23.37857	0
310.72601	23.8316	0
305.12918	24.28283	0
299.5335	24.72523	0
293.93521	25.1576	0
288.29172	25.58188	0
282.6492	25.99429	0
277.004	26.3952	0
271.33624	26.78592	0
265.66948	27.16401	0
260	27.5288	0
254.33224	27.87929	0
248.66545	28.21546	0
242.996	28.5376	0
237.35244	28.84412	0
231.70994	29.13561	0
226.06479	29.4112	0
220.46801	29.66772	0
214.87228	29.90702	0
209.27399	30.1288	0
203.75163	30.3298	0
198.23041	30.51213	0
192.70679	30.6748	0
187.2796	30.81456	0
181.8537	30.93417	0
176.42561	31.0336	0
171.11779	31.11096	0
165.81145	31.16705	0
160.5032	31.2	0
155.33726	31.20833	0
150.17301	31.1928	0
145.0072	31.1532	0
140.00383	31.09154	0
135.00246	31.00549	0
130	30.8932	0
125.18168	30.75882	0
120.36574	30.59791	0
115.5492	30.4096	0
110.9383	30.20277	0
106.33026	29.96792	0
101.7224	29.7024	0
97.33619	29.41921	0
92.95346	29.10574	0
88.5716	28.7612	0
84.42904	28.40608	0
80.29057	28.02049	0
76.154	27.6016	0
72.27219	27.17587	0
68.39539	26.71722	0
64.5216	26.2236	0
60.91757	25.73079	0
57.31965	25.20336	0
53.7264	24.6376	0
50.41728	24.07921	0
47.11569	23.48381	0
43.8204	22.8488	0
40.81615	22.23194	0
37.82108	21.57659	0
34.8348	20.878	0
32.14812	20.20667	0
29.47342	19.49258	0
26.8112	18.7304	0
24.45556	18.00822	0
22.11518	17.24035	0
19.7912	16.4216	0
17.77089	15.65814	0
15.77104	14.84467	0
13.7956	13.9724	0
12.1206	13.16903	0
10.47396	12.31005	0
8.8608	11.388	0
7.52892	10.55348	0
6.23733	9.65928	0
4.9972	8.6944	0
4.00801	7.82431	0
3.07905	6.89086	0
2.2256	5.8864	0
1.5752	4.97562	0
1.01174	4.01008	0
0.5564	2.99	0
0.25274	2.01785	0
0.06455	1.01643	0
0	0	0
0.06455	-1.01643	0
0.25274	-2.01785	0
0.5564	-2.99	0
1.01174	-4.01008	0
1.5752	-4.97562	0
2.2256	-5.8864	0
3.07905	-6.89086	0
4.00801	-7.82431	0
4.9972	-8.6944	0
6.23733	-9.65928	0
7.52892	-10.55348	0
8.8608	-11.388	0
10.47396	-12.31005	0
12.1206	-13.16903	0
13.7956	-13.9724	0
15.77104	-14.84467	0
17.77089	-15.65814	0
19.7912	-16.4216	0
22.11518	-17.24035	0
24.45556	-18.00822	0
26.8112	-18.7304	0
29.47342	-19.49258	0
32.14812	-20.20667	0
34.8348	-20.878	0
37.82108	-21.57659	0
40.81615	-22.23194	0
43.8204	-22.8488	0
47.11569	-23.48381	0
50.41728	-24.07921	0
53.7264	-24.6376	0
57.31965	-25.20336	0
60.91757	-25.73079	0
64.5216	-26.2236	0
68.39539	-26.71722	0
72.27219	-27.17587	0
76.154	-27.6016	0
80.29057	-28.02049	0
84.42904	-28.40608	0
88.5716	-28.7612	0
92.95346	-29.10574	0
97.33619	-29.41921	0
101.7224	-29.7024	0
106.33026	-29.96792	0
110.9383	-30.20277	0
115.5492	-30.4096	0
120.36574	-30.59791	0
125.18168	-30.75882	0
130	-30.8932	0
135.00246	-31.00549	0
140.00383	-31.09154	0
145.0072	-31.1532	0
150.17301	-31.1928	0
155.33726	-31.20833	0
160.5032	-31.2	0
165.81145	-31.16705	0
171.11779	-31.11096	0
176.42561	-31.0336	0
181.8537	-30.93417	0
187.2796	-30.81456	0
192.70679	-30.6748	0
198.23041	-30.51213	0
203.75163	-30.3298	0
209.27399	-30.1288	0
214.87228	-29.90702	0
220.46801	-29.66772	0
226.06479	-29.4112	0
231.70994	-29.13561	0
237.35244	-28.84412	0
242.996	-28.5376	0
248.66545	-28.21546	0
254.33224	-27.87929	0
260	-27.5288	0
265.66948	-27.16401	0
271.33624	-26.78592	0
277.004	-26.3952	0
282.6492	-25.99429	0
288.29172	-25.58188	0
293.93521	-25.1576	0
299.5335	-24.72523	0
305.12918	-24.28283	0
310.72601	-23.8316	0
316.24984	-23.37857	0
321.7711	-22.91657	0
327.29321	-22.4432	0
332.7217	-21.96554	0
338.14751	-21.47772	0
343.57439	-20.982	0
348.88309	-20.49137	0
354.18946	-19.99449	0
359.49681	-19.4896	0
364.66346	-18.98945	0
369.82764	-18.48143	0
374.99279	-17.966	0
379.99633	-17.4604	0
384.99764	-16.94911	0
390	-16.432	0
394.81811	-15.92855	0
399.63403	-15.41934	0
404.4508	-14.9032	0
409.06082	-14.40234	0
413.66872	-13.89591	0
418.27762	-13.3848	0
422.66219	-12.89513	0
427.04488	-12.40159	0
431.42841	-11.9028	0
435.56868	-11.42616	0
439.70698	-10.94434	0
443.84602	-10.4572	0
447.72433	-9.99622	0
451.60094	-9.53159	0
455.47841	-9.0636	0
459.0776	-8.62659	0
462.67525	-8.18668	0
466.2736	-7.7428	0
469.57633	-7.3315	0
472.87758	-6.91711	0
476.17959	-6.5	0
479.17547	-6.11963	0
482.17007	-5.73693	0
485.16521	-5.3508	0
487.8403	-5.00264	0
490.51421	-4.65226	0
493.18881	-4.3004	0
495.5293	-3.99186	0
497.86883	-3.68202	0
500.2088	-3.3696	0
502.20769	-3.10018	0
504.20573	-2.82944	0
506.2044	-2.5584	0
507.84963	-2.33569	0
509.49426	-2.11253	0
511.13919	-1.8876	0
512.42729	-1.7097	0
513.71485	-1.53093	0
515.00281	-1.352	0
515.9268	-1.22393	0
516.85048	-1.09584	0
517.77439	-0.9672	0
518.33087	-0.88933	0
518.88714	-0.81129	0
519.44359	-0.7332	0
519.62908	-0.70719	0
519.81451	-0.6812	0
520	-0.6552	0
