520	0	0
519.81453	0.05208	0
519.62911	0.10409	0
519.44359	0.156	0
518.88726	0.31075	0
518.33091	0.46472	0
517.77439	0.6188	0
516.85021	0.87629	0
515.92665	1.13489	0
515.00281	1.3936	0
513.71528	1.75243	0
512.42765	2.10929	0
511.13919	2.4648	0
509.49485	2.91659	0
507.85034	3.36569	0
506.2044	3.8116	0
504.20737	4.34679	0
502.20929	4.87544	0
500.2088	5.3976	0
497.87136	5.99815	0
495.53195	6.58777	0
493.18881	7.1656	0
490.51747	7.80787	0
487.84335	8.43459	0
485.16521	9.048	0
482.17236	9.71893	0
479.17766	10.37685	0
476.17959	11.024	0
472.87892	11.72542	0
469.57747	12.41782	0
466.2736	13.104	0
462.67586	13.84589	0
459.07826	14.58245	0
455.47841	15.314	0
451.60184	16.09543	0
447.72522	16.87011	0
443.84602	17.6384	0
439.70783	18.45028	0
435.56952	19.25432	0
431.42841	20.0512	0
427.04616	20.88605	0
422.66358	21.71132	0
418.27762	22.5264	0
413.67028	23.37006	0
409.06227	24.20157	0
404.4508	25.0224	0
399.63542	25.86822	0
394.81957	26.70204	0
390	27.5236	0
384.99923	28.36187	0
379.99785	29.18644	0
374.99279	29.9988	0
369.82911	30.82411	0
364.66496	31.63558	0
359.49681	32.4324	0
354.19113	33.23358	0
348.88475	34.01833	0
343.57439	34.788	0
338.14906	35.55878	0
332.72322	36.31302	0
327.29321	37.05	0
321.7727	37.77998	0
316.25147	38.49047	0
310.72601	39.182	0
305.13083	39.86246	0
299.5351	40.52282	0
293.93521	41.1632	0
288.29312	41.78747	0
282.65059	42.39059	0
277.004	42.9728	0
271.33749	43.53548	0
265.6707	44.07627	0
260	44.5952	0
254.33342	45.09107	0
248.66666	45.56296	0
242.996	46.0096	0
237.35359	46.4273	0
231.71105	46.81748	0
226.06479	47.1796	0
220.4689	47.50976	0
214.87315	47.81004	0
209.27399	48.0792	0
203.75225	48.31264	0
198.231	48.51255	0
192.70679	48.6772	0
187.27978	48.80313	0
181.85381	48.89326	0
176.42561	48.9476	0
171.11749	48.96599	0
165.81109	48.94906	0
160.5032	48.8956	0
155.3363	48.80692	0
150.17194	48.67838	0
145.0072	48.5056	0
140.0018	48.29224	0
135.00027	48.0313	0
130	47.7204	0
125.17881	47.37175	0
120.36279	46.9762	0
115.5492	46.5348	0
110.93553	46.06972	0
106.32753	45.5651	0
101.7224	45.0216	0
97.33292	44.46711	0
92.94995	43.8742	0
88.5716	43.238	0
84.42402	42.59063	0
80.28529	41.89702	0
76.154	41.1528	0
72.26564	40.40135	0
68.38861	39.59978	0
64.5216	38.7452	0
60.9105	37.89509	0
57.3125	36.99607	0
53.7264	36.0464	0
50.41216	35.12017	0
47.1109	34.15245	0
43.8204	33.1448	0
40.80841	32.18369	0
37.81215	31.17795	0
34.8348	30.1132	0
32.127	29.07327	0
29.44997	27.95993	0
26.8112	26.7592	0
24.4498	25.58767	0
22.11489	24.36443	0
19.7912	23.1192	0
17.78098	22.04011	0
15.77951	20.94556	0
13.7956	19.812	0
12.09115	18.77217	0
10.43691	17.65978	0
8.8608	16.4476	0
7.5055	15.23615	0
6.22339	13.94139	0
4.9972	12.584	0
3.99187	11.38871	0
3.05492	10.14678	0
2.2256	8.84	0
1.55721	7.51037	0
1.00698	6.11929	0
0.5564	4.68	0
0.18546	3.13104	0
-0.0239	1.56476	0
0	0	0
0.12162	-0.79123	0
0.31094	-1.57247	0
0.5564	-2.34	0
1.02464	-3.49342	0
1.58554	-4.60271	0
2.2256	-5.668	0
3.07469	-6.88078	0
4.00296	-8.03488	0
4.9972	-9.1364	0
6.21085	-10.34268	0
7.49728	-11.46669	0
8.8608	-12.4904	0
10.44456	-13.48509	0
12.09816	-14.36703	0
13.7956	-15.1684	0
15.77916	-16.02859	0
17.77913	-16.84049	0
19.7912	-17.6228	0
22.11634	-18.50169	0
24.4542	-19.34507	0
26.8112	-20.1344	0
29.46449	-20.93311	0
32.14044	-21.65175	0
34.8348	-22.3028	0
37.81973	-22.95544	0
40.81526	-23.55113	0
43.8204	-24.102	0
47.11631	-24.66432	0
50.41777	-25.18597	0
53.7264	-25.6672	0
57.31986	-26.14351	0
60.91784	-26.57542	0
64.5216	-26.9672	0
68.39616	-27.34736	0
72.27302	-27.68915	0
76.154	-27.9968	0
80.29157	-28.29078	0
84.42999	-28.55184	0
88.5716	-28.782	0
92.95431	-28.99333	0
97.33705	-29.1718	0
101.7224	-29.3176	0
106.33118	-29.43609	0
110.93921	-29.52163	0
115.5492	-29.5776	0
120.36661	-29.60787	0
125.18254	-29.61212	0
130	-29.5932	0
135.00316	-29.55183	0
140.00449	-29.49048	0
145.0072	-29.4112	0
150.17343	-29.31249	0
155.33765	-29.19779	0
160.5032	-29.068	0
165.81169	-28.91977	0
171.11802	-28.75681	0
176.42561	-28.5792	0
181.85376	-28.38281	0
187.27964	-28.17267	0
192.70679	-27.95	0
198.2303	-27.71171	0
203.75151	-27.4621	0
209.27399	-27.2012	0
214.87214	-26.92534	0
220.46788	-26.63781	0
226.06479	-26.338	0
231.70986	-26.02293	0
237.35238	-25.69533	0
242.996	-25.3552	0
248.66548	-25.001	0
254.33227	-24.63384	0
260	-24.2528	0
265.66947	-23.85751	0
271.33621	-23.44966	0
277.004	-23.0308	0
282.64902	-22.60432	0
288.29152	-22.16925	0
293.93521	-21.7256	0
299.53325	-21.27761	0
305.12893	-20.82311	0
310.72601	-20.3632	0
316.24928	-19.90537	0
321.77047	-19.44428	0
327.29321	-18.98	0
332.72105	-18.52107	0
338.14692	-18.06	0
343.57439	-17.5968	0
348.88255	-17.14213	0
354.18886	-16.68627	0
359.49681	-16.2292	0
364.66283	-15.78345	0
369.82705	-15.33653	0
374.99279	-14.8876	0
379.99601	-14.45044	0
384.99735	-14.01049	0
390	-13.5668	0
394.81795	-13.13537	0
399.63387	-12.69903	0
404.4508	-12.2564	0
409.06086	-11.82611	0
413.6688	-11.38938	0
418.27762	-10.946	0
422.66209	-10.5184	0
427.04469	-10.08644	0
431.42841	-9.6512	0
435.56806	-9.23851	0
439.70631	-8.82563	0
443.84602	-8.4136	0
447.72365	-8.02961	0
451.60025	-7.64821	0
455.47841	-7.2696	0
459.07674	-6.92154	0
462.67431	-6.57794	0
466.2736	-6.24	0
469.57585	-5.9355	0
472.87724	-5.63348	0
476.17959	-5.33	0
479.17574	-5.05052	0
482.17036	-4.7652	0
485.16521	-4.472	0
487.84133	-4.20154	0
490.51542	-3.92019	0
493.18881	-3.6244	0
495.5304	-3.35138	0
497.86984	-3.0666	0
500.2088	-2.7716	0
502.20836	-2.51241	0
504.20646	-2.24724	0
506.2044	-1.976	0
507.8499	-1.74824	0
509.49443	-1.51745	0
511.13919	-1.2844	0
512.42746	-1.1007	0
513.71509	-0.91552	0
515.00281	-0.728	0
515.92665	-0.59197	0
516.85023	-0.4562	0
517.77439	-0.3224	0
518.33094	-0.24325	0
518.88729	-0.16403	0
519.44359	-0.0832	0
519.62911	-0.05565	0
519.81453	-0.02789	0
520	0	0
